11.000  29.000   9.000  21.000   8.000  20.000  12.000  11.000  16.000  29.000  
 3.000  19.000  11.000   9.000   4.000  19.000  10.000  23.000   8.000   0.000  
17.000   6.000  11.000   0.000   6.000  23.000  13.000  28.000  23.000  15.000  
27.000  24.000   5.000  27.000   7.000  14.000  19.000  24.000  17.000   7.000  
 4.000   1.000  28.000  22.000  18.000  28.000  15.000  22.000  16.000  26.000  
28.000   2.000  23.000  14.000  20.000  19.000   4.000   7.000   4.000  16.000  
17.000   6.000  13.000   4.000   8.000   9.000  25.000  27.000  11.000  28.000  
16.000  28.000  22.000  21.000  16.000  28.000   5.000  19.000  11.000  17.000  
16.000  27.000  15.000  16.000  12.000   1.000   4.000  18.000  19.000  24.000  
26.000   0.000  21.000  13.000  29.000   2.000  19.000   1.000  12.000   1.000  
