30.000   0.000   0.000   0.000   0.000   0.000   0.000   0.000   0.000  30.000  
30.000  15.000  15.000  15.000  15.000  15.000  15.000  15.000  15.000  30.000  
30.000  15.000  15.000  15.000  15.000  15.000  15.000  15.000  15.000  30.000  
30.000  15.000  15.000  15.000  15.000  15.000  15.000  15.000  15.000  30.000  
30.000  15.000  15.000  15.000  15.000  15.000  15.000  15.000  15.000  30.000  
30.000  15.000  15.000  15.000  15.000  15.000  15.000  15.000  15.000  30.000  
30.000  15.000  15.000  15.000  15.000  15.000  15.000  15.000  15.000  30.000  
30.000  15.000  15.000  15.000  15.000  15.000  15.000  15.000  15.000  30.000  
30.000  15.000  15.000  15.000  15.000  15.000  15.000  15.000  15.000  30.000  
30.000  30.000  30.000  30.000  30.000  30.000  30.000  30.000  30.000  30.000  
